28.0 65.0
28.0 65.19
28.0 65.38
28.0 65.57
28.0 65.76
28.0 65.95
28.0 66.14
28.0 66.33
28.0 66.52
28.0 66.71
28.0 66.9
28.0 67.09
28.0 67.28
28.0 67.47
28.0 67.66
28.0 67.85
28.0 68.04
28.0 68.23
28.0 68.42
28.0 68.61
28.0 68.8
28.0 68.99
28.0 69.18
28.0 69.37
28.0 69.56
28.0 69.75
28.0 69.94
28.0 70.13
28.0 70.32
28.0 70.51
28.0 70.7
28.0 70.89
28.0 71.08
28.0 71.27
28.0 71.46
28.0 71.65
28.0 71.84
28.0 72.03
28.0 72.22
28.0 72.41
28.0 72.6
28.0 72.79
28.0 72.98
28.0 73.17
28.0 73.36
28.0 73.55
28.0 73.74
28.0 73.93
28.0 74.12
28.0 74.31
28.0 74.5
28.0 74.69
28.0 74.88
28.0 75.07
28.0 75.26
28.0 75.45
28.0 75.64
28.0 75.83
28.0 76.02
28.0 76.21000000000001
28.0 76.4
28.0 76.59
28.0 76.78
28.0 76.97
28.0 77.16
28.0 77.35
28.0 77.54
28.0 77.73
28.0 77.92
28.0 78.11
28.0 78.3
28.0 78.49
28.0 78.68
28.0 78.87
28.0 79.06
28.0 79.25
28.0 79.44
28.0 79.63
28.0 79.82
28.0 80.01
28.0 80.2
28.0 80.39
28.0 80.58
28.0 80.77
28.0 80.96000000000001
28.0 81.15
28.0 81.34
28.0 81.53
28.0 81.72
28.0 81.91
28.0 82.1
28.0 82.28999999999999
28.0 82.48
28.0 82.67
28.0 82.86
28.0 83.05
28.0 83.24000000000001
28.0 83.43
28.0 83.62
28.0 83.81
28.0 84.0
28.06 83.99
28.12 83.98
28.18 83.97
28.24 83.96
28.3 83.95
28.36 83.94
28.42 83.93
28.48 83.92
28.54 83.91
28.6 83.9
28.66 83.89
28.72 83.88
28.78 83.87
28.84 83.86
28.9 83.85
28.96 83.84
29.02 83.83
29.08 83.82
29.14 83.81
29.2 83.8
29.26 83.79
29.32 83.78
29.38 83.77
29.44 83.76
29.5 83.75
29.56 83.74
29.62 83.73
29.68 83.72
29.74 83.71
29.8 83.7
29.86 83.69
29.92 83.68
29.98 83.67
30.04 83.66
30.1 83.65
30.16 83.64
30.22 83.63
30.28 83.62
30.34 83.61
30.4 83.6
30.46 83.59
30.52 83.58
30.58 83.57
30.64 83.56
30.7 83.55
30.759999999999998 83.54
30.82 83.53
30.88 83.52
30.94 83.51
31.0 83.5
31.06 83.49
31.12 83.48
31.18 83.47
31.24 83.46
31.3 83.45
31.36 83.44
31.42 83.43
31.48 83.42
31.54 83.41
31.6 83.4
31.66 83.39
31.72 83.38
31.78 83.37
31.84 83.36
31.9 83.35
31.96 83.34
32.019999999999996 83.33
32.08 83.32
32.14 83.31
32.2 83.3
32.26 83.29
32.32 83.28
32.38 83.27
32.44 83.26
32.5 83.25
32.56 83.24
32.62 83.23
32.68 83.22
32.74 83.21
32.8 83.2
32.86 83.19
32.92 83.18
32.98 83.17
33.04 83.16
33.1 83.15
33.16 83.14
33.22 83.13
33.28 83.12
33.34 83.11
33.4 83.1
33.46 83.09
33.519999999999996 83.08
33.58 83.07
33.64 83.06
33.7 83.05
33.76 83.04
33.82 83.03
33.88 83.02
33.94 83.01
34.0 83.0
34.04 82.96
34.08 82.92
34.12 82.88
34.16 82.84
34.2 82.8
34.24 82.76
34.28 82.72
34.32 82.68
34.36 82.64
34.4 82.6
34.44 82.56
34.48 82.52
34.52 82.48
34.56 82.44
34.6 82.4
34.64 82.36
34.68 82.32
34.72 82.28
34.76 82.24
34.8 82.2
34.84 82.16
34.88 82.12
34.92 82.08
34.96 82.04
35.0 82.0
35.04 81.96
35.08 81.92
35.12 81.88
35.16 81.84
35.2 81.8
35.24 81.76
35.28 81.72
35.32 81.68
35.36 81.64
35.4 81.6
35.44 81.56
35.48 81.52
35.52 81.48
35.56 81.44
35.6 81.4
35.64 81.36
35.68 81.32
35.72 81.28
35.76 81.24
35.8 81.2
35.84 81.16
35.88 81.12
35.92 81.08
35.96 81.04
36.0 81.0
36.04 80.96
36.08 80.92
36.12 80.88
36.16 80.84
36.2 80.8
36.24 80.76
36.28 80.72
36.32 80.68
36.36 80.64
36.4 80.6
36.44 80.56
36.48 80.52
36.52 80.48
36.56 80.44
36.6 80.4
36.64 80.36
36.68 80.32
36.72 80.28
36.76 80.24
36.8 80.2
36.84 80.16
36.88 80.12
36.92 80.08
36.96 80.04
37.0 80.0
37.04 79.96
37.08 79.92
37.12 79.88
37.16 79.84
37.2 79.8
37.24 79.76
37.28 79.72
37.32 79.68
37.36 79.64
37.4 79.6
37.44 79.56
37.48 79.52
37.52 79.48
37.56 79.44
37.6 79.4
37.64 79.36
37.68 79.32
37.72 79.28
37.76 79.24
37.8 79.2
37.84 79.16
37.88 79.12
37.92 79.08
37.96 79.04
38.0 79.0
37.99 78.97
37.98 78.94
37.97 78.91
37.96 78.88
37.95 78.85
37.94 78.82
37.93 78.79
37.92 78.76
37.91 78.73
37.9 78.7
37.89 78.67
37.88 78.64
37.87 78.61
37.86 78.58
37.85 78.55
37.84 78.52
37.83 78.49
37.82 78.46
37.81 78.43
37.8 78.4
37.79 78.37
37.78 78.34
37.77 78.31
37.76 78.28
37.75 78.25
37.74 78.22
37.73 78.19
37.72 78.16
37.71 78.13
37.7 78.1
37.69 78.07
37.68 78.04
37.67 78.01
37.66 77.98
37.65 77.95
37.64 77.92
37.63 77.89
37.62 77.86
37.61 77.83
37.6 77.8
37.59 77.77
37.58 77.74
37.57 77.71
37.56 77.68
37.55 77.65
37.54 77.62
37.53 77.59
37.52 77.56
37.51 77.53
37.5 77.5
37.49 77.47
37.48 77.44
37.47 77.41
37.46 77.38
37.45 77.35
37.44 77.32
37.43 77.29
37.42 77.26
37.41 77.23
37.4 77.2
37.39 77.17
37.38 77.14
37.37 77.11
37.36 77.08
37.35 77.05
37.34 77.02
37.33 76.99
37.32 76.96
37.31 76.93
37.3 76.9
37.29 76.87
37.28 76.84
37.27 76.81
37.26 76.78
37.25 76.75
37.24 76.72
37.23 76.69
37.22 76.66
37.21 76.63
37.2 76.6
37.19 76.57
37.18 76.54
37.17 76.51
37.16 76.48
37.15 76.45
37.14 76.42
37.13 76.39
37.12 76.36
37.11 76.33
37.1 76.3
37.09 76.27
37.08 76.24
37.07 76.21
37.06 76.18
37.05 76.15
37.04 76.12
37.03 76.09
37.02 76.06
37.01 76.03
37.0 76.0
36.97 75.97
36.94 75.94
36.91 75.91
36.88 75.88
36.85 75.85
36.82 75.82
36.79 75.79
36.76 75.76
36.73 75.73
36.7 75.7
36.67 75.67
36.64 75.64
36.61 75.61
36.58 75.58
36.55 75.55
36.52 75.52
36.49 75.49
36.46 75.46
36.43 75.43
36.4 75.4
36.37 75.37
36.34 75.34
36.31 75.31
36.28 75.28
36.25 75.25
36.22 75.22
36.19 75.19
36.16 75.16
36.13 75.13
36.1 75.1
36.07 75.07
36.04 75.04
36.01 75.01
35.98 74.98
35.95 74.95
35.92 74.92
35.89 74.89
35.86 74.86
35.83 74.83
35.8 74.8
35.77 74.77
35.74 74.74
35.71 74.71
35.68 74.68
35.65 74.65
35.62 74.62
35.59 74.59
35.56 74.56
35.53 74.53
35.5 74.5
35.47 74.47
35.44 74.44
35.41 74.41
35.38 74.38
35.35 74.35
35.32 74.32
35.29 74.29
35.26 74.26
35.23 74.23
35.2 74.2
35.17 74.17
35.14 74.14
35.11 74.11
35.08 74.08
35.05 74.05
35.02 74.02
34.99 73.99
34.96 73.96
34.93 73.93
34.9 73.9
34.87 73.87
34.84 73.84
34.81 73.81
34.78 73.78
34.75 73.75
34.72 73.72
34.69 73.69
34.66 73.66
34.63 73.63
34.6 73.6
34.57 73.57
34.54 73.54
34.51 73.51
34.48 73.48
34.45 73.45
34.42 73.42
34.39 73.39
34.36 73.36
34.33 73.33
34.3 73.3
34.27 73.27
34.24 73.24
34.21 73.21
34.18 73.18
34.15 73.15
34.12 73.12
34.09 73.09
34.06 73.06
34.03 73.03
28.0 72.0
28.09 72.04
28.18 72.08
28.27 72.12
28.36 72.16
28.45 72.2
28.54 72.24
28.63 72.28
28.72 72.32
28.81 72.36
28.9 72.4
28.99 72.44
29.08 72.48
29.17 72.52
29.26 72.56
29.35 72.6
29.44 72.64
29.53 72.68
29.62 72.72
29.71 72.76
29.8 72.8
29.89 72.84
29.98 72.88
30.07 72.92
30.16 72.96
30.25 73.0
30.34 73.04
30.43 73.08
30.52 73.12
30.61 73.16
30.7 73.2
30.79 73.24
30.88 73.28
30.97 73.32
31.06 73.36
31.15 73.4
31.24 73.44
31.33 73.48
31.42 73.52
31.509999999999998 73.56
31.6 73.6
31.69 73.64
31.78 73.68
31.87 73.72
31.96 73.76
32.05 73.8
32.14 73.84
32.23 73.88
32.32 73.92
32.41 73.96
32.5 74.0
32.59 74.04
32.68 74.08
32.769999999999996 74.12
32.86 74.16
32.95 74.2
33.04 74.24
33.13 74.28
33.22 74.32
33.31 74.36
33.4 74.4
33.49 74.44
33.58 74.48
33.67 74.52
33.76 74.56
33.85 74.6
33.94 74.64
34.03 74.68
34.12 74.72
34.21 74.76
34.3 74.8
34.39 74.84
34.48 74.88
34.57 74.92
34.66 74.96
34.75 75.0
34.84 75.04
34.93 75.08
35.019999999999996 75.12
35.11 75.16
35.2 75.2
35.29 75.24
35.38 75.28
35.47 75.32
35.56 75.36
35.65 75.4
35.74 75.44
35.83 75.48
35.92 75.52
36.01 75.56
36.1 75.6
36.19 75.64
36.28 75.68
36.37 75.72
36.46 75.76
36.55 75.8
36.64 75.84
36.730000000000004 75.88
36.82 75.92
36.91 75.96
58.0 25.0
57.95 24.98
57.9 24.96
57.85 24.94
57.8 24.92
57.75 24.9
57.7 24.88
57.65 24.86
57.6 24.84
57.55 24.82
57.5 24.8
57.45 24.78
57.4 24.76
57.35 24.74
57.3 24.72
57.25 24.7
57.2 24.68
57.15 24.66
57.1 24.64
57.05 24.62
57.0 24.6
56.95 24.58
56.9 24.56
56.85 24.54
56.8 24.52
56.75 24.5
56.7 24.48
56.65 24.46
56.6 24.44
56.55 24.42
56.5 24.4
56.45 24.38
56.4 24.36
56.35 24.34
56.3 24.32
56.25 24.3
56.2 24.28
56.15 24.26
56.1 24.24
56.05 24.22
56.0 24.2
55.95 24.18
55.9 24.16
55.85 24.14
55.8 24.12
55.75 24.1
55.7 24.08
55.65 24.06
55.6 24.04
55.55 24.02
55.5 24.0
55.45 23.98
55.4 23.96
55.35 23.94
55.3 23.92
55.25 23.9
55.2 23.88
55.15 23.86
55.1 23.84
55.05 23.82
55.0 23.8
54.95 23.78
54.9 23.76
54.85 23.74
54.8 23.72
54.75 23.7
54.7 23.68
54.65 23.66
54.6 23.64
54.55 23.62
54.5 23.6
54.45 23.58
54.4 23.56
54.35 23.54
54.3 23.52
54.25 23.5
54.2 23.48
54.15 23.46
54.1 23.44
54.05 23.42
54.0 23.4
53.95 23.38
53.9 23.36
53.85 23.34
53.8 23.32
53.75 23.3
53.7 23.28
53.65 23.26
53.6 23.24
53.55 23.22
53.5 23.2
53.45 23.18
53.4 23.16
53.35 23.14
53.3 23.12
53.25 23.1
53.2 23.08
53.15 23.06
53.1 23.04
53.05 23.02
53.0 23.0
52.94 23.0
52.88 23.0
52.82 23.0
52.76 23.0
52.7 23.0
52.64 23.0
52.58 23.0
52.52 23.0
52.46 23.0
52.4 23.0
52.34 23.0
52.28 23.0
52.22 23.0
52.16 23.0
52.1 23.0
52.04 23.0
51.98 23.0
51.92 23.0
51.86 23.0
51.8 23.0
51.74 23.0
51.68 23.0
51.62 23.0
51.56 23.0
51.5 23.0
51.44 23.0
51.38 23.0
51.32 23.0
51.26 23.0
51.2 23.0
51.14 23.0
51.08 23.0
51.02 23.0
50.96 23.0
50.9 23.0
50.84 23.0
50.78 23.0
50.72 23.0
50.66 23.0
50.6 23.0
50.54 23.0
50.48 23.0
50.42 23.0
50.36 23.0
50.3 23.0
50.24 23.0
50.18 23.0
50.12 23.0
50.06 23.0
50.0 23.0
49.94 23.0
49.88 23.0
49.82 23.0
49.76 23.0
49.7 23.0
49.64 23.0
49.58 23.0
49.52 23.0
49.46 23.0
49.4 23.0
49.34 23.0
49.28 23.0
49.22 23.0
49.16 23.0
49.1 23.0
49.04 23.0
48.980000000000004 23.0
48.92 23.0
48.86 23.0
48.8 23.0
48.74 23.0
48.68 23.0
48.62 23.0
48.56 23.0
48.5 23.0
48.44 23.0
48.38 23.0
48.32 23.0
48.26 23.0
48.2 23.0
48.14 23.0
48.08 23.0
48.02 23.0
47.96 23.0
47.9 23.0
47.84 23.0
47.78 23.0
47.72 23.0
47.66 23.0
47.6 23.0
47.54 23.0
47.480000000000004 23.0
47.42 23.0
47.36 23.0
47.3 23.0
47.24 23.0
47.18 23.0
47.12 23.0
47.06 23.0
47.0 23.0
46.97 23.02
46.94 23.04
46.91 23.06
46.88 23.08
46.85 23.1
46.82 23.12
46.79 23.14
46.76 23.16
46.73 23.18
46.7 23.2
46.67 23.22
46.64 23.24
46.61 23.26
46.58 23.28
46.55 23.3
46.52 23.32
46.49 23.34
46.46 23.36
46.43 23.38
46.4 23.4
46.37 23.42
46.34 23.44
46.31 23.46
46.28 23.48
46.25 23.5
46.22 23.52
46.19 23.54
46.16 23.56
46.13 23.58
46.1 23.6
46.07 23.62
46.04 23.64
46.01 23.66
45.98 23.68
45.95 23.7
45.92 23.72
45.89 23.74
45.86 23.76
45.83 23.78
45.8 23.8
45.77 23.82
45.74 23.84
45.71 23.86
45.68 23.88
45.65 23.9
45.62 23.92
45.59 23.94
45.56 23.96
45.53 23.98
45.5 24.0
45.47 24.02
45.44 24.04
45.41 24.06
45.38 24.08
45.35 24.1
45.32 24.12
45.29 24.14
45.26 24.16
45.23 24.18
45.2 24.2
45.17 24.22
45.14 24.24
45.11 24.26
45.08 24.28
45.05 24.3
45.02 24.32
44.99 24.34
44.96 24.36
44.93 24.38
44.9 24.4
44.87 24.42
44.84 24.44
44.81 24.46
44.78 24.48
44.75 24.5
44.72 24.52
44.69 24.54
44.66 24.56
44.63 24.58
44.6 24.6
44.57 24.62
44.54 24.64
44.51 24.66
44.48 24.68
44.45 24.7
44.42 24.72
44.39 24.74
44.36 24.76
44.33 24.78
44.3 24.8
44.27 24.82
44.24 24.84
44.21 24.86
44.18 24.88
44.15 24.9
44.12 24.92
44.09 24.94
44.06 24.96
44.03 24.98
74.0 65.0
73.89 65.0
73.78 65.0
73.67 65.0
73.56 65.0
73.45 65.0
73.34 65.0
73.23 65.0
73.12 65.0
73.01 65.0
72.9 65.0
72.79 65.0
72.68 65.0
72.57 65.0
72.46 65.0
72.35 65.0
72.24 65.0
72.13 65.0
72.02 65.0
71.91 65.0
71.8 65.0
71.69 65.0
71.58 65.0
71.47 65.0
71.36 65.0
71.25 65.0
71.14 65.0
71.03 65.0
70.92 65.0
70.81 65.0
70.7 65.0
70.59 65.0
70.48 65.0
70.37 65.0
70.26 65.0
70.15 65.0
70.04 65.0
69.93 65.0
69.82 65.0
69.71 65.0
69.6 65.0
69.49 65.0
69.38 65.0
69.27 65.0
69.16 65.0
69.05 65.0
68.94 65.0
68.83 65.0
68.72 65.0
68.61 65.0
68.5 65.0
68.39 65.0
68.28 65.0
68.17 65.0
68.06 65.0
67.95 65.0
67.84 65.0
67.73 65.0
67.62 65.0
67.51 65.0
67.4 65.0
67.29 65.0
67.18 65.0
67.07 65.0
66.96 65.0
66.85 65.0
66.74 65.0
66.63 65.0
66.52 65.0
66.41 65.0
66.3 65.0
66.19 65.0
66.08 65.0
65.97 65.0
65.86 65.0
65.75 65.0
65.64 65.0
65.53 65.0
65.42 65.0
65.31 65.0
65.2 65.0
65.09 65.0
64.98 65.0
64.87 65.0
64.76 65.0
64.65 65.0
64.53999999999999 65.0
64.43 65.0
64.32 65.0
64.21 65.0
64.1 65.0
63.99 65.0
63.88 65.0
63.769999999999996 65.0
63.66 65.0
63.55 65.0
63.44 65.0
63.33 65.0
63.22 65.0
63.11 65.0
63.0 65.0
63.1 65.09
63.2 65.18
63.3 65.27
63.4 65.36
63.5 65.45
63.6 65.54
63.7 65.63
63.8 65.72
63.9 65.81
64.0 65.9
64.1 65.99
64.2 66.08
64.3 66.17
64.4 66.26
64.5 66.35
64.6 66.44
64.7 66.53
64.8 66.62
64.9 66.71
65.0 66.8
65.1 66.89
65.2 66.98
65.3 67.07
65.4 67.16
65.5 67.25
65.6 67.34
65.7 67.43
65.8 67.52
65.9 67.61
66.0 67.7
66.1 67.79
66.2 67.88
66.3 67.97
66.4 68.06
66.5 68.15
66.6 68.24
66.7 68.33
66.8 68.42
66.9 68.51
67.0 68.6
67.1 68.69
67.2 68.78
67.3 68.87
67.4 68.96
67.5 69.05
67.6 69.14
67.7 69.23
67.8 69.32
67.9 69.41
68.0 69.5
68.1 69.59
68.2 69.68
68.3 69.77
68.4 69.86
68.5 69.95
68.6 70.04
68.7 70.13
68.8 70.22
68.9 70.31
69.0 70.4
69.1 70.49
69.2 70.58
69.3 70.67
69.4 70.76
69.5 70.85
69.6 70.94
69.7 71.03
69.8 71.12
69.9 71.21
70.0 71.3
70.1 71.39
70.2 71.48
70.3 71.57
70.4 71.66
70.5 71.75
70.6 71.84
70.7 71.93
70.8 72.02
70.9 72.11
71.0 72.2
71.1 72.29
71.2 72.38
71.3 72.47
71.4 72.56
71.5 72.65
71.6 72.74
71.7 72.83
71.8 72.92
71.9 73.01
72.0 73.1
72.1 73.19
72.2 73.28
72.3 73.37
72.4 73.46
72.5 73.55
72.6 73.64
72.7 73.73
72.8 73.82
72.9 73.91
73.0 74.0
73.0 74.05
73.0 74.1
73.0 74.15
73.0 74.2
73.0 74.25
73.0 74.3
73.0 74.35
73.0 74.4
73.0 74.45
73.0 74.5
73.0 74.55
73.0 74.6
73.0 74.65
73.0 74.7
73.0 74.75
73.0 74.8
73.0 74.85
73.0 74.9
73.0 74.95
73.0 75.0
73.0 75.05
73.0 75.1
73.0 75.15
73.0 75.2
73.0 75.25
73.0 75.3
73.0 75.35
73.0 75.4
73.0 75.45
73.0 75.5
73.0 75.55
73.0 75.6
73.0 75.65
73.0 75.7
73.0 75.75
73.0 75.8
73.0 75.85
73.0 75.9
73.0 75.95
73.0 76.0
73.0 76.05
73.0 76.1
73.0 76.15
73.0 76.2
73.0 76.25
73.0 76.3
73.0 76.35
73.0 76.4
73.0 76.45
73.0 76.5
73.0 76.55
73.0 76.6
73.0 76.65
73.0 76.7
73.0 76.75
73.0 76.8
73.0 76.85
73.0 76.9
73.0 76.95
73.0 77.0
73.0 77.05
73.0 77.1
73.0 77.15
73.0 77.2
73.0 77.25
73.0 77.3
73.0 77.35
73.0 77.4
73.0 77.45
73.0 77.5
73.0 77.55
73.0 77.6
73.0 77.65
73.0 77.7
73.0 77.75
73.0 77.8
73.0 77.85
73.0 77.9
73.0 77.95
73.0 78.0
73.0 78.05
73.0 78.1
73.0 78.15
73.0 78.2
73.0 78.25
73.0 78.3
73.0 78.35
73.0 78.4
73.0 78.45
73.0 78.5
73.0 78.55
73.0 78.6
73.0 78.65
73.0 78.7
73.0 78.75
73.0 78.8
73.0 78.85
73.0 78.9
73.0 78.95
73.0 79.0
72.97 79.03
72.94 79.06
72.91 79.09
72.88 79.12
72.85 79.15
72.82 79.18
72.79 79.21
72.76 79.24
72.73 79.27
72.7 79.3
72.67 79.33
72.64 79.36
72.61 79.39
72.58 79.42
72.55 79.45
72.52 79.48
72.49 79.51
72.46 79.54
72.43 79.57
72.4 79.6
72.37 79.63
72.34 79.66
72.31 79.69
72.28 79.72
72.25 79.75
72.22 79.78
72.19 79.81
72.16 79.84
72.13 79.87
72.1 79.9
72.07 79.93
72.04 79.96
72.01 79.99
71.98 80.02
71.95 80.05
71.92 80.08
71.89 80.11
71.86 80.14
71.83 80.17
71.8 80.2
71.77 80.23
71.74 80.26
71.71 80.29
71.68 80.32
71.65 80.35
71.62 80.38
71.59 80.41
71.56 80.44
71.53 80.47
71.5 80.5
71.47 80.53
71.44 80.56
71.41 80.59
71.38 80.62
71.35 80.65
71.32 80.68
71.29 80.71
71.26 80.74
71.23 80.77
71.2 80.8
71.17 80.83
71.14 80.86
71.11 80.89
71.08 80.92
71.05 80.95
71.02 80.98
70.99 81.01
70.96 81.04
70.93 81.07
70.9 81.1
70.87 81.13
70.84 81.16
70.81 81.19
70.78 81.22
70.75 81.25
70.72 81.28
70.69 81.31
70.66 81.34
70.63 81.37
70.6 81.4
70.57 81.43
70.54 81.46
70.51 81.49
70.48 81.52
70.45 81.55
70.42 81.58
70.39 81.61
70.36 81.64
70.33 81.67
70.3 81.7
70.27 81.73
70.24 81.76
70.21 81.79
70.18 81.82
70.15 81.85
70.12 81.88
70.09 81.91
70.06 81.94
70.03 81.97
70.0 82.0
69.96 82.0
69.92 82.0
69.88 82.0
69.84 82.0
69.8 82.0
69.76 82.0
69.72 82.0
69.68 82.0
69.64 82.0
69.6 82.0
69.56 82.0
69.52 82.0
69.48 82.0
69.44 82.0
69.4 82.0
69.36 82.0
69.32 82.0
69.28 82.0
69.24 82.0
69.2 82.0
69.16 82.0
69.12 82.0
69.08 82.0
69.04 82.0
69.0 82.0
68.96 82.0
68.92 82.0
68.88 82.0
68.84 82.0
68.8 82.0
68.76 82.0
68.72 82.0
68.68 82.0
68.64 82.0
68.6 82.0
68.56 82.0
68.52 82.0
68.48 82.0
68.44 82.0
68.4 82.0
68.36 82.0
68.32 82.0
68.28 82.0
68.24 82.0
68.2 82.0
68.16 82.0
68.12 82.0
68.08 82.0
68.04 82.0
68.0 82.0
67.96 82.0
67.92 82.0
67.88 82.0
67.84 82.0
67.8 82.0
67.76 82.0
67.72 82.0
67.68 82.0
67.64 82.0
67.6 82.0
67.56 82.0
67.52 82.0
67.48 82.0
67.44 82.0
67.4 82.0
67.36 82.0
67.32 82.0
67.28 82.0
67.24 82.0
67.2 82.0
67.16 82.0
67.12 82.0
67.08 82.0
67.04 82.0
67.0 82.0
66.96 82.0
66.92 82.0
66.88 82.0
66.84 82.0
66.8 82.0
66.76 82.0
66.72 82.0
66.68 82.0
66.64 82.0
66.6 82.0
66.56 82.0
66.52 82.0
66.48 82.0
66.44 82.0
66.4 82.0
66.36 82.0
66.32 82.0
66.28 82.0
66.24 82.0
66.2 82.0
66.16 82.0
66.12 82.0
66.08 82.0
66.04 82.0
66.0 82.0
65.97 81.98
65.94 81.96
65.91 81.94
65.88 81.92
65.85 81.9
65.82 81.88
65.79 81.86
65.76 81.84
65.73 81.82
65.7 81.8
65.67 81.78
65.64 81.76
65.61 81.74
65.58 81.72
65.55 81.7
65.52 81.68
65.49 81.66
65.46 81.64
65.43 81.62
65.4 81.6
65.37 81.58
65.34 81.56
65.31 81.54
65.28 81.52
65.25 81.5
65.22 81.48
65.19 81.46
65.16 81.44
65.13 81.42
65.1 81.4
65.07 81.38
65.04 81.36
65.01 81.34
64.98 81.32
64.95 81.3
64.92 81.28
64.89 81.26
64.86 81.24
64.83 81.22
64.8 81.2
64.77 81.18
64.74 81.16
64.71 81.14
64.68 81.12
64.65 81.1
64.62 81.08
64.59 81.06
64.56 81.04
64.53 81.02
64.5 81.0
64.47 80.98
64.44 80.96
64.41 80.94
64.38 80.92
64.35 80.9
64.32 80.88
64.29 80.86
64.26 80.84
64.23 80.82
64.2 80.8
64.17 80.78
64.14 80.76
64.11 80.74
64.08 80.72
64.05 80.7
64.02 80.68
63.99 80.66
63.96 80.64
63.93 80.62
63.9 80.6
63.87 80.58
63.84 80.56
63.81 80.54
63.78 80.52
63.75 80.5
63.72 80.48
63.69 80.46
63.66 80.44
63.63 80.42
63.6 80.4
63.57 80.38
63.54 80.36
63.51 80.34
63.48 80.32
63.45 80.3
63.42 80.28
63.39 80.26
63.36 80.24
63.33 80.22
63.3 80.2
63.27 80.18
63.24 80.16
63.21 80.14
63.18 80.12
63.15 80.1
63.12 80.08
63.09 80.06
63.06 80.04
63.03 80.02
50.0 83.0
50.44981252343611 82.9887523435547
50.89850074982145 82.95503748750224
51.34494319226239 82.89893970142438
51.788023977155554 82.82059920057118
52.226635633290705 82.7202117953958
52.65968185995206 82.59802840213045
53.086080267099064 82.45435441562641
53.50476508077785 82.28954894602597
53.91468980700107 82.10402392117409
54.31482984743783 81.89824305701336
54.704185060375934 81.67272069853556
55.081782260555315 81.42802053418711
55.446677651624356 81.16475418694151
55.79795918513922 80.88357968556039
56.13474884021001 80.58519981986439
56.456204818095706 80.27036038412449
56.76152364626263 79.93984831296484
57.04994218664735 79.59448971443598
57.32073954310437 79.23514780517495
57.57323886327107 78.86272075281326
57.80680903034615 78.47813943102554
58.02086624055292 78.08236509283019
58.21487546234469 77.67638696795741
58.38835177370504 77.26121979029006
58.54086157420028 76.83790126155742
58.67202366875474 76.40748945762128
58.781510220439934 75.97106018383737
58.86904756989614 75.52970428610216
58.9344169193383 75.0845249243063
58.97745487943649 74.63663481500932
58.99805387770421 74.18715345022783
58.99616242737355 73.7372042992884
58.97178525608527 73.28791200073938
58.92498329407222 72.84039955134027
58.85587352186543 72.39578549915457
58.76462867790376 71.9551811477622
58.651476826777696 71.51968777857938
58.51670078918673 71.09039389822846
58.36063743503482 70.6683725178384
58.18367684143114 70.2546784710757
57.986261317700375 69.85034577760958
57.76888429983986 69.45638505860128
57.53208911718648 69.07378101067755
57.27646763437631 68.70348994470189
57.00265877199129 68.34643739549534
56.71134690959048 68.00351580848158
56.4032601751176 67.67558230903802
56.07916862496036 67.3634565601288
55.73988231921054 67.06791871357424
55.38624929693562 66.78970746007761
55.01915345652276 66.52951818288301
54.63951234639319 66.28800121967949
54.248274871608956 66.06576023709543
53.84641892210448 65.86335072184646
53.434948928471 65.68127859230783
53.01489335140316 65.51999893398208
52.58730211108292 65.37991486202219
52.15324396292586 65.26137651365369
51.71380382624927 65.16468017301392
51.27008007253883 65.090067530596
50.82318178009196 65.03772507914846
50.37422596189964 65.00778364754049
49.92433477369569 65.00031807375792
49.47463270915181 65.01534701784722
49.026243789229056 65.05283291527508
48.5802887527108 65.11268207082021
48.137882254939434 65.19474489276259
47.70013008175855 65.29881626678484
47.26812638562417 65.42463606865124
46.84295095079346 65.57188981438281
46.4256664944264 65.7402094463035
46.01731601034637 65.92917425299265
45.618920162098746 66.13831192084454
45.2314747318236 66.3670997146063
44.85594813131895 66.61496578394393
44.493278981515566 66.88129059277021
44.14437376641354 67.16540846776239
43.810104567344275 67.4666092621987
43.49130688322143 67.7841401309554
43.188777542228685 68.11720741222746
42.90327271016428 68.46497861126979
42.63550600042034 68.82658448120053
42.38614669032101 69.20112119566556
42.15581804827774 69.58765260793365
41.945095775942775 69.9852125907758
41.75450656925493 70.39280745128016
41.58452680197398 70.80941841456675
41.43558133499438 71.23400417019415
41.30804245441427 71.6655034748933
41.20222894101414 72.10283780512292
41.118405273470884 72.54491405281675
41.05678096729883 72.99062725758444
41.01751005117009 73.438863368537
41.00069068192309 73.88850202883391
41.006364899221595 74.3384193759917
41.03451852047743 74.78749085095494
41.08508117629957 75.23459400890809
41.157926486380994 75.6786113248031
41.25287237538359 76.11843298658998
41.36968152803173 76.55295966916896
41.508061982276814 76.9811052821307
41.667667859050376 77.40179968441674
41.84810022678162 77.81399135911477
42.04890809851858 78.2166500417033
42.26958955916062 78.60876929517649
42.509593019984834 78.98936902561236
42.76831859733054 79.35749793189738
43.04511961199605 79.71223588348363
43.33930420559988 80.05269622023611
43.6501370698664 80.37802796862127
43.97684128451357 80.68741796869762
44.31860025914902 80.98009290659218
44.67455977432083 81.25532124738237
45.043830116621166 81.51241506355238
45.42548830250658 81.75073175445362
45.818580385276086 81.96967565247182
46.22212383944116 82.16869951188568
46.63511001652776 82.34730587669628
47.05650666617222 82.50504832400802
47.48526051620955 82.64153257985326
47.920299905305356 82.75641750467204
48.36053746155102 82.84941594598324
48.80487282032722 82.92029545611621
49.252195374642405 82.96887887320895
49.70138705107186 82.99504476402049
50.0 43.0
50.6997083697895 42.982503645529526
51.39766783305559 42.93005831389236
52.09213385463039 42.84279509110459
52.781370631130855 42.720932089777385
53.46365542956332 42.564773903949025
54.13728289325876 42.374710847758486
54.80056930437632 42.151217979863304
55.45185679232111 41.89485391604039
56.08951747755722 41.60625943293748
56.71195754045884 41.28615586646522
57.317621205029226 40.93534330883308
57.9049946275305 40.55469860873549
58.47260968030456 40.14517317968678
59.01904762132767 39.70779062198284
59.54294264032668 39.24364416423349
60.04298527259332 38.753893930860315
60.5179256719641 38.23976404238975
60.966576734784766 37.7025395557893
61.38781706705124 37.14356325249437
61.78059378731055 36.56423228215395
62.143925158316236 35.96599467048417
62.476903040860094 35.350345699958076
62.7786951636473 34.7188241723782
63.04854720354117 34.07300856267342
63.28578467097821 33.414513073533755
63.4898145958407 32.74498360074422
63.66012700957323 32.06609361930258
63.796296219838446 31.379540000603367
63.89798187452624 30.687038771143122
63.96492981245676 29.99032082334783
63.996972698651 29.291127589243285
63.99403044258107 28.59120668778195
63.956110398354866 27.892307556705713
63.88330734633456 27.196177079862643
63.775803256235115 26.504555220907097
63.63386683229473 25.819170674296767
63.457852841654194 25.14173654445681
63.248201227623795 24.473946063910937
63.00543601005417 23.817468361081968
62.73016397555954 23.173944288339996
62.423073160867254 22.54498232072601
62.084931133084226 21.93215453560199
61.71658307117897 21.3369926832762
61.31894965347426 20.76098435842516
60.8930247564309 20.20556928188165
60.439872970474084 19.672135702082464
59.96062693907183 19.16201692517025
59.456484527716114 18.676487982422568
58.92870582988306 18.216762443337704
58.3786100174554 17.783989382342938
57.80757204347985 17.379250506706896
57.21701920550051 17.003557452834748
56.608427578058375 16.657849257704008
55.983318323273636 16.342990011761152
55.34325388873267 16.05976669914552
54.689834102182694 15.808887230638796
54.02469217279565 15.590978674256744
53.34949060899579 15.40658568790574
52.665917063054415 15.25616915802165
51.97568011283818 15.140105047593769
51.280504991254155 15.058683456453146
50.58212927406611 15.012107896174088
49.88229853685996 15.000494781401212
49.18276199201393 15.023873138873455
48.48526811657853 15.082184534872347
47.79156028199458 15.175283221275883
47.10337239657246 15.302936499852912
46.42242457162442 15.464825303887531
45.75041882208205 15.660544995679714
45.08903481234538 15.88960637792883
44.43992565799662 16.15143691647211
43.804713793872125 16.445382171321913
43.18498691882027 16.770707432424835
42.58229402728116 17.126599556054245
41.998141537607246 17.512168997246107
41.433989526801994 17.926452033198117
40.89124808108772 18.36841317207484
40.37127377142443 18.83694774119798
39.87536626278889 19.330884648152832
39.40476506568906 19.848989307909367
38.96064643803332 20.389966728641888
38.54412044509831 20.95246474853416
38.1562281849438 21.535077415479755
37.79793918620982 22.136348501230124
37.47014898479988 22.754775141206814
37.173676885507675 23.388811590880252
36.90926391418175 24.036873089326058
36.677570965546806 24.697339820302023
36.479177151311085 25.368560960945125
36.31457835268866 26.048858807968976
36.18418598095471 26.736532971048277
36.08832594913151 27.429864622909122
36.027237857375695 28.12712079550199
36.00107439410259 28.826558711519407
36.0099009543447 29.526430140431547
36.053695476298216 30.224985768152127
36.132348496465994 30.920479569412578
36.245663423259316 31.611173171915926
36.39335702837448 32.29534020136219
36.57506015471603 32.971270596485034
36.790318639097265 33.63727488331442
37.0385944474117 34.291688397981595
37.31926701943807 34.93287544751186
37.631634819917785 35.55923339820515
37.97491709202764 36.16919668138564
38.348255808865304 36.761240706508126
38.75071781806973 37.33388567184036
39.18129717421608 37.88570026319676
39.638917653155374 38.4153052314784
40.1224354420144 38.92137684007753
40.63064199813221 39.40265017352963
41.162267069787376 39.85792229914339
41.71598187116573 40.28605527370591
42.290402403632925 40.68597898774814
42.884092915010235 41.056693840261204
43.495569488207245 41.39727323717838
44.1233037502418 41.70686590737771
44.765726692376525 41.98469803041643
45.421232591823454 42.23007517067912
46.08818302521486 42.44238401310507
46.764910963808326 42.62109389615652
47.44972494019047 42.76575813819615
48.140913276064566 42.87601515395854
48.83674836055485 42.95158935832503
49.535490968334 42.99229185514299
55.0 36.0
55.099958338541356 35.997500520789934
55.199666833293655 35.99000833055605
55.2988762649472 35.97754215587209
55.39733866159012 35.960133155682485
55.494807918509046 35.93782484342129
55.59104041332268 35.91067297825121
55.6857956149109 35.87874542569476
55.7788366846173 35.84212198800577
55.86993106822246 35.80089420470535
55.95885107720841 35.75516512378074
56.04537445786132 35.705049044119015
56.12928494679007 35.65067122981936
56.21037281147208 35.59216759709811
56.288435374475384 35.52968437456898
56.363277520046665 35.46337773774764
56.43471218179904 35.39341341869433
56.502560810280585 35.319966291769965
56.56665381925497 35.24321993654133
56.62683100957875 35.16336617892777
56.68294196961579 35.08060461173628
56.734846451188034 34.99514209578345
56.78241472012287 34.90719224285115
56.825527880521044 34.81697488176832
56.86407817193445 34.724715508953345
56.89796923871117 34.630644724790535
56.92711637083438 34.53499765724917
56.95144671565332 34.438013374186085
56.97089945997692 34.33993428580048
56.98542598207518 34.24100553873473
56.99498997320811 34.1414744033354
56.99956752837871 34.04158965560618
56.99914720608301 33.94160095539742
56.993730056907836 33.84175822238653
56.98332962090494 33.74231101140895
56.96797189374787 33.643507888701016
56.94769526175639 33.545595810613825
56.9225504059506 33.44881950635097
56.89260017537483 33.35342086627299
56.85791943000774 33.259638337297424
56.81859485365136 33.167706326905716
56.77472473726675 33.07785461724657
56.72641873329775 32.99030779080029
56.67379758159699 32.90528466903946
56.61699280763918 32.822997765489305
56.55614639377584 32.743652754554525
56.49141042435344 32.66744795744035
56.42294670558169 32.594573846452896
56.3509263611023 32.52521256891751
56.27552940426901 32.45953749190539
56.196944288207916 32.39771276890613
56.11536743478283 32.339892929529555
56.03100274364293 32.28622249326211
55.944061082579765 32.23683560824343
55.854759760467665 32.19185571596588
55.763321984104664 32.15139524273508
55.669976300311816 32.115555318662686
55.57495602468509 32.084425524893824
55.47849865842797 32.05808366970082
55.38084529472206 32.036595594003096
55.28224001611974 32.02001500679911
55.182929284464876 32.008383350921875
55.08316132486659 32.00172969945344
54.98318550526571 32.00007068305732
54.883251713144844 32.00341044841049
54.78360973093979 32.011740647838906
54.68450861171351 32.02504046018227
54.58619605665321 32.04327664283613
54.48891779594634 32.06640361484108
54.39291697458315 32.09436357081139
54.29843354462077 32.12708662541841
54.20570366542809 32.16449098806744
54.1149591134103 32.206483167331704
54.02642670268861 32.25295820463212
53.94032771818302 32.303799936579175
53.85687736251532 32.35888128532087
53.77628421811457 32.41806457617116
53.698749725869675 32.48120188172498
53.62446768163206 32.548135391599715
53.55362375182698 32.61869780687898
53.486395009384154 32.69271275827277
53.42294949114762 32.76999524694884
53.363445777871185 32.85035210693345
53.30803259784911 32.933582487925676
53.25684845517283 33.01947835731859
53.21002128354284 33.1078250201724
53.1676681265011 33.19840165584004
53.129894844883104 33.290981869903725
53.09679585222097 33.385334260043145
53.068453878758724 33.48122299442073
53.044939764669806 33.578408401138425
53.02631228299353 33.67664756729261
53.01261799273307 33.775694946129875
53.003891122482244 33.875302970786
53.000153484871795 33.9752226730742
53.001414422049244 34.075204305775934
53.00767078232832 34.17499796687888
53.01890692806657 34.274354224201794
53.03509477475133 34.37302473884513
53.056193861196355 34.47076288590888
53.08215145067372 34.567324370926436
53.11290266272818 34.66246784047349
53.14837063534453 34.75595548542594
53.18846671706258 34.847553635358835
53.233090688559685 34.937033342600735
53.2821310131468 35.024170954483665
53.33546511555218 35.1087486723583
53.392959688295676 35.190555095977196
53.45447102488801 35.26938575188525
53.51984537902219 35.345043604496915
53.5889193488592 35.417339548582504
53.66152028544746 35.486092881932805
53.73746672425534 35.551131757020485
53.816568838737965 35.61229361052942
53.8986289148047 35.6694255696783
53.983441845001465 35.72238483432303
54.07079564117247 35.77103903388262
54.16047196432026 35.81526655819682
54.2522466703395 35.85495686148806
54.34589037026049 35.890010738668444
54.44116900360212 35.92034057330073
54.53784442340119 35.94587055659379
54.63567499145578 35.966536876885165
54.734416182294936 35.98228787913693
54.83382119436498 35.99308419404643
54.93364156690486 35.998898836449
46.0 36.0
46.099958338541356 35.997500520789934
46.199666833293655 35.99000833055605
46.2988762649472 35.97754215587209
46.39733866159012 35.960133155682485
46.494807918509046 35.93782484342129
46.59104041332268 35.91067297825121
46.6857956149109 35.87874542569476
46.7788366846173 35.84212198800577
46.86993106822246 35.80089420470535
46.95885107720841 35.75516512378074
47.04537445786132 35.705049044119015
47.12928494679007 35.65067122981936
47.21037281147208 35.59216759709811
47.288435374475384 35.52968437456898
47.363277520046665 35.46337773774764
47.43471218179904 35.39341341869433
47.502560810280585 35.319966291769965
47.56665381925497 35.24321993654133
47.62683100957875 35.16336617892777
47.68294196961579 35.08060461173628
47.734846451188034 34.99514209578345
47.78241472012287 34.90719224285115
47.825527880521044 34.81697488176832
47.86407817193445 34.724715508953345
47.89796923871117 34.630644724790535
47.92711637083438 34.53499765724917
47.95144671565332 34.438013374186085
47.97089945997692 34.33993428580048
47.98542598207518 34.24100553873473
47.99498997320811 34.1414744033354
47.99956752837871 34.04158965560618
47.99914720608301 33.94160095539742
47.993730056907836 33.84175822238653
47.98332962090494 33.74231101140895
47.96797189374787 33.643507888701016
47.94769526175639 33.545595810613825
47.9225504059506 33.44881950635097
47.89260017537483 33.35342086627299
47.85791943000774 33.259638337297424
47.81859485365136 33.167706326905716
47.77472473726675 33.07785461724657
47.72641873329775 32.99030779080029
47.67379758159699 32.90528466903946
47.61699280763918 32.822997765489305
47.55614639377584 32.743652754554525
47.49141042435344 32.66744795744035
47.42294670558169 32.594573846452896
47.3509263611023 32.52521256891751
47.27552940426901 32.45953749190539
47.196944288207916 32.39771276890613
47.11536743478283 32.339892929529555
47.03100274364293 32.28622249326211
46.944061082579765 32.23683560824343
46.854759760467665 32.19185571596588
46.763321984104664 32.15139524273508
46.669976300311816 32.115555318662686
46.57495602468509 32.084425524893824
46.47849865842797 32.05808366970082
46.38084529472206 32.036595594003096
46.28224001611974 32.02001500679911
46.182929284464876 32.008383350921875
46.08316132486659 32.00172969945344
45.98318550526571 32.00007068305732
45.883251713144844 32.00341044841049
45.78360973093979 32.011740647838906
45.68450861171351 32.02504046018227
45.58619605665321 32.04327664283613
45.48891779594634 32.06640361484108
45.39291697458315 32.09436357081139
45.29843354462077 32.12708662541841
45.20570366542809 32.16449098806744
45.1149591134103 32.206483167331704
45.02642670268861 32.25295820463212
44.94032771818302 32.303799936579175
44.85687736251532 32.35888128532087
44.77628421811457 32.41806457617116
44.698749725869675 32.48120188172498
44.62446768163206 32.548135391599715
44.55362375182698 32.61869780687898
44.486395009384154 32.69271275827277
44.42294949114762 32.76999524694884
44.363445777871185 32.85035210693345
44.30803259784911 32.933582487925676
44.25684845517283 33.01947835731859
44.21002128354284 33.1078250201724
44.1676681265011 33.19840165584004
44.129894844883104 33.290981869903725
44.09679585222097 33.385334260043145
44.068453878758724 33.48122299442073
44.044939764669806 33.578408401138425
44.02631228299353 33.67664756729261
44.01261799273307 33.775694946129875
44.003891122482244 33.875302970786
44.000153484871795 33.9752226730742
44.001414422049244 34.075204305775934
44.00767078232832 34.17499796687888
44.01890692806657 34.274354224201794
44.03509477475133 34.37302473884513
44.056193861196355 34.47076288590888
44.08215145067372 34.567324370926436
44.11290266272818 34.66246784047349
44.14837063534453 34.75595548542594
44.18846671706258 34.847553635358835
44.233090688559685 34.937033342600735
44.2821310131468 35.024170954483665
44.33546511555218 35.1087486723583
44.392959688295676 35.190555095977196
44.45447102488801 35.26938575188525
44.51984537902219 35.345043604496915
44.5889193488592 35.417339548582504
44.66152028544746 35.486092881932805
44.73746672425534 35.551131757020485
44.816568838737965 35.61229361052942
44.8986289148047 35.6694255696783
44.983441845001465 35.72238483432303
45.07079564117247 35.77103903388262
45.16047196432026 35.81526655819682
45.2522466703395 35.85495686148806
45.34589037026049 35.890010738668444
45.44116900360212 35.92034057330073
45.53784442340119 35.94587055659379
45.63567499145578 35.966536876885165
45.734416182294936 35.98228787913693
45.83382119436498 35.99308419404643
45.93364156690486 35.998898836449
